(kicad_pcb (version 20171130) (host pcbnew "(5.0.0)")

  (general
    (thickness 1.6)
    (drawings 337)
    (tracks 377)
    (zones 0)
    (modules 39)
    (nets 51)
  )

  (page A4)
  (layers
    (0 F.Cu signal)
    (31 B.Cu signal)
    (32 B.Adhes user)
    (33 F.Adhes user)
    (34 B.Paste user)
    (35 F.Paste user)
    (36 B.SilkS user)
    (37 F.SilkS user)
    (38 B.Mask user)
    (39 F.Mask user)
    (40 Dwgs.User user hide)
    (41 Cmts.User user)
    (42 Eco1.User user)
    (43 Eco2.User user)
    (44 Edge.Cuts user)
    (45 Margin user)
    (46 B.CrtYd user)
    (47 F.CrtYd user)
    (48 B.Fab user)
    (49 F.Fab user)
  )

  (setup
    (last_trace_width 0.2)
    (trace_clearance 0.16)
    (zone_clearance 0.2)
    (zone_45_only no)
    (trace_min 0.2)
    (segment_width 0.2)
    (edge_width 0.15)
    (via_size 0.8)
    (via_drill 0.4)
    (via_min_size 0.4)
    (via_min_drill 0.3)
    (user_via 0.4 0.3)
    (uvia_size 0.3)
    (uvia_drill 0.1)
    (uvias_allowed no)
    (uvia_min_size 0.2)
    (uvia_min_drill 0.1)
    (pcb_text_width 0.3)
    (pcb_text_size 1.5 1.5)
    (mod_edge_width 0.15)
    (mod_text_size 1 1)
    (mod_text_width 0.15)
    (pad_size 1.524 1.524)
    (pad_drill 0.762)
    (pad_to_mask_clearance 0.2)
    (aux_axis_origin 0 0)
    (visible_elements 7FFFFFFF)
    (pcbplotparams
      (layerselection 0x010fc_ffffffff)
      (usegerberextensions true)
      (usegerberattributes false)
      (usegerberadvancedattributes false)
      (creategerberjobfile false)
      (excludeedgelayer true)
      (linewidth 0.100000)
      (plotframeref false)
      (viasonmask false)
      (mode 1)
      (useauxorigin false)
      (hpglpennumber 1)
      (hpglpenspeed 20)
      (hpglpendiameter 15.000000)
      (psnegative false)
      (psa4output false)
      (plotreference true)
      (plotvalue true)
      (plotinvisibletext false)
      (padsonsilk false)
      (subtractmaskfromsilk false)
      (outputformat 1)
      (mirror false)
      (drillshape 0)
      (scaleselection 1)
      (outputdirectory "../Gerbers/"))
  )

  (net 0 "")
  (net 1 VCC)
  (net 2 GND)
  (net 3 "Net-(C4-Pad2)")
  (net 4 /NRF_VCC)
  (net 5 /VDDANA)
  (net 6 /VDDCORE)
  (net 7 "Net-(C3-Pad1)")
  (net 8 "Net-(C2-Pad1)")
  (net 9 "Net-(IC1-Pad3)")
  (net 10 "Net-(IC1-Pad4)")
  (net 11 "Net-(IC1-Pad7)")
  (net 12 "Net-(IC1-Pad8)")
  (net 13 "Net-(IC1-Pad9)")
  (net 14 "Net-(IC1-Pad10)")
  (net 15 /BME280_SDI)
  (net 16 /BME280_SCK)
  (net 17 /BME280_SDO)
  (net 18 "Net-(IC1-Pad19)")
  (net 19 "Net-(IC1-Pad20)")
  (net 20 /NRF_CE)
  (net 21 /NRF_IRQ)
  (net 22 /SIG_WAKE)
  (net 23 /SIG_DONE)
  (net 24 /BME280_SS)
  (net 25 "Net-(IC1-Pad27)")
  (net 26 "Net-(IC1-Pad28)")
  (net 27 "Net-(IC1-Pad29)")
  (net 28 "Net-(IC1-Pad30)")
  (net 29 "Net-(IC1-Pad31)")
  (net 30 "Net-(IC1-Pad32)")
  (net 31 "Net-(IC1-Pad33)")
  (net 32 "Net-(IC1-Pad34)")
  (net 33 "Net-(IC1-Pad37)")
  (net 34 "Net-(IC1-Pad38)")
  (net 35 "Net-(IC1-Pad39)")
  (net 36 "Net-(IC1-Pad41)")
  (net 37 /SWCLK)
  (net 38 /SWDIO)
  (net 39 "Net-(IC1-Pad48)")
  (net 40 /RESET_BTN)
  (net 41 "Net-(IC2-Pad6)")
  (net 42 /NRF_VCC_EN)
  (net 43 "Net-(IC3-Pad6)")
  (net 44 /NRF_CS)
  (net 45 /MCU_RESET)
  (net 46 /UART_TX)
  (net 47 /VBAT_ADC_EN)
  (net 48 /VBAT_ADC)
  (net 49 "Net-(IC4-Pad4)")
  (net 50 "Net-(IC4-Pad6)")

  (net_class Default "This is the default net class."
    (clearance 0.16)
    (trace_width 0.2)
    (via_dia 0.8)
    (via_drill 0.4)
    (uvia_dia 0.3)
    (uvia_drill 0.1)
    (add_net /BME280_SCK)
    (add_net /BME280_SDI)
    (add_net /BME280_SDO)
    (add_net /BME280_SS)
    (add_net /MCU_RESET)
    (add_net /NRF_CE)
    (add_net /NRF_CS)
    (add_net /NRF_IRQ)
    (add_net /NRF_VCC)
    (add_net /NRF_VCC_EN)
    (add_net /RESET_BTN)
    (add_net /SIG_DONE)
    (add_net /SIG_WAKE)
    (add_net /SWCLK)
    (add_net /SWDIO)
    (add_net /UART_TX)
    (add_net /VBAT_ADC)
    (add_net /VBAT_ADC_EN)
    (add_net /VDDANA)
    (add_net /VDDCORE)
    (add_net GND)
    (add_net "Net-(C2-Pad1)")
    (add_net "Net-(C3-Pad1)")
    (add_net "Net-(C4-Pad2)")
    (add_net "Net-(IC1-Pad10)")
    (add_net "Net-(IC1-Pad19)")
    (add_net "Net-(IC1-Pad20)")
    (add_net "Net-(IC1-Pad27)")
    (add_net "Net-(IC1-Pad28)")
    (add_net "Net-(IC1-Pad29)")
    (add_net "Net-(IC1-Pad3)")
    (add_net "Net-(IC1-Pad30)")
    (add_net "Net-(IC1-Pad31)")
    (add_net "Net-(IC1-Pad32)")
    (add_net "Net-(IC1-Pad33)")
    (add_net "Net-(IC1-Pad34)")
    (add_net "Net-(IC1-Pad37)")
    (add_net "Net-(IC1-Pad38)")
    (add_net "Net-(IC1-Pad39)")
    (add_net "Net-(IC1-Pad4)")
    (add_net "Net-(IC1-Pad41)")
    (add_net "Net-(IC1-Pad48)")
    (add_net "Net-(IC1-Pad7)")
    (add_net "Net-(IC1-Pad8)")
    (add_net "Net-(IC1-Pad9)")
    (add_net "Net-(IC2-Pad6)")
    (add_net "Net-(IC3-Pad6)")
    (add_net "Net-(IC4-Pad4)")
    (add_net "Net-(IC4-Pad6)")
    (add_net VCC)
  )

  (module athir:MountingHole_4.3mm_M4---PASTY (layer F.Cu) (tedit 5C3E31DA) (tstamp 5C8587F6)
    (at 55.75 147.5)
    (descr "Mounting Hole 4.3mm, no annular, M4")
    (tags "mounting hole 4.3mm no annular m4")
    (attr virtual)
    (fp_text reference REF** (at 0 -5.3) (layer F.SilkS)
      (effects (font (size 1 1) (thickness 0.15)))
    )
    (fp_text value MountingHole_4.3mm_M4---PASTY (at 0 5.3) (layer F.Fab)
      (effects (font (size 1 1) (thickness 0.15)))
    )
    (fp_circle (center 0 0) (end 4.55 0) (layer F.CrtYd) (width 0.05))
    (fp_circle (center 0 0) (end 4.3 0) (layer Cmts.User) (width 0.15))
    (fp_text user %R (at 0.3 0) (layer F.Fab)
      (effects (font (size 1 1) (thickness 0.15)))
    )
    (pad "" np_thru_hole circle (at 0 0) (size 4.3 4.3) (drill 4.3) (layers *.Cu *.Mask F.Paste))
  )

  (module athir:MountingHole_4.3mm_M4---PASTY (layer F.Cu) (tedit 5C3E31DA) (tstamp 5C85B4F9)
    (at 93.75 147.5)
    (descr "Mounting Hole 4.3mm, no annular, M4")
    (tags "mounting hole 4.3mm no annular m4")
    (attr virtual)
    (fp_text reference REF** (at 0 -5.3) (layer F.SilkS)
      (effects (font (size 1 1) (thickness 0.15)))
    )
    (fp_text value MountingHole_4.3mm_M4---PASTY (at 0 5.3) (layer F.Fab)
      (effects (font (size 1 1) (thickness 0.15)))
    )
    (fp_circle (center 0 0) (end 4.55 0) (layer F.CrtYd) (width 0.05))
    (fp_circle (center 0 0) (end 4.3 0) (layer Cmts.User) (width 0.15))
    (fp_text user %R (at 0.3 0) (layer F.Fab)
      (effects (font (size 1 1) (thickness 0.15)))
    )
    (pad "" np_thru_hole circle (at 0 0) (size 4.3 4.3) (drill 4.3) (layers *.Cu *.Mask F.Paste))
  )

  (module Capacitor_SMD:C_0603_1608Metric (layer F.Cu) (tedit 5B301BBE) (tstamp 5C8586CA)
    (at 68 149.75 270)
    (descr "Capacitor SMD 0603 (1608 Metric), square (rectangular) end terminal, IPC_7351 nominal, (Body size source: http://www.tortai-tech.com/upload/download/2011102023233369053.pdf), generated with kicad-footprint-generator")
    (tags capacitor)
    (path /5C43FD24)
    (attr smd)
    (fp_text reference C19 (at 2.25 -0.25) (layer F.SilkS)
      (effects (font (size 1 1) (thickness 0.15)))
    )
    (fp_text value 100nF (at 0 1.43 270) (layer F.Fab)
      (effects (font (size 1 1) (thickness 0.15)))
    )
    (fp_text user %R (at 0 0 270) (layer F.Fab)
      (effects (font (size 0.4 0.4) (thickness 0.06)))
    )
    (fp_line (start 1.48 0.73) (end -1.48 0.73) (layer F.CrtYd) (width 0.05))
    (fp_line (start 1.48 -0.73) (end 1.48 0.73) (layer F.CrtYd) (width 0.05))
    (fp_line (start -1.48 -0.73) (end 1.48 -0.73) (layer F.CrtYd) (width 0.05))
    (fp_line (start -1.48 0.73) (end -1.48 -0.73) (layer F.CrtYd) (width 0.05))
    (fp_line (start -0.162779 0.51) (end 0.162779 0.51) (layer F.SilkS) (width 0.12))
    (fp_line (start -0.162779 -0.51) (end 0.162779 -0.51) (layer F.SilkS) (width 0.12))
    (fp_line (start 0.8 0.4) (end -0.8 0.4) (layer F.Fab) (width 0.1))
    (fp_line (start 0.8 -0.4) (end 0.8 0.4) (layer F.Fab) (width 0.1))
    (fp_line (start -0.8 -0.4) (end 0.8 -0.4) (layer F.Fab) (width 0.1))
    (fp_line (start -0.8 0.4) (end -0.8 -0.4) (layer F.Fab) (width 0.1))
    (pad 2 smd roundrect (at 0.7875 0 270) (size 0.875 0.95) (layers F.Cu F.Paste F.Mask) (roundrect_rratio 0.25)
      (net 2 GND))
    (pad 1 smd roundrect (at -0.7875 0 270) (size 0.875 0.95) (layers F.Cu F.Paste F.Mask) (roundrect_rratio 0.25)
      (net 1 VCC))
    (model ${KISYS3DMOD}/Capacitor_SMD.3dshapes/C_0603_1608Metric.wrl
      (at (xyz 0 0 0))
      (scale (xyz 1 1 1))
      (rotate (xyz 0 0 0))
    )
  )

  (module Capacitor_SMD:C_0603_1608Metric (layer F.Cu) (tedit 5B301BBE) (tstamp 5C858CE5)
    (at 61.25 139.25 180)
    (descr "Capacitor SMD 0603 (1608 Metric), square (rectangular) end terminal, IPC_7351 nominal, (Body size source: http://www.tortai-tech.com/upload/download/2011102023233369053.pdf), generated with kicad-footprint-generator")
    (tags capacitor)
    (path /5C44A82A)
    (attr smd)
    (fp_text reference C4 (at 0 -1.43 180) (layer F.SilkS)
      (effects (font (size 1 1) (thickness 0.15)))
    )
    (fp_text value 100nF (at 0 1.43 180) (layer F.Fab)
      (effects (font (size 1 1) (thickness 0.15)))
    )
    (fp_line (start -0.8 0.4) (end -0.8 -0.4) (layer F.Fab) (width 0.1))
    (fp_line (start -0.8 -0.4) (end 0.8 -0.4) (layer F.Fab) (width 0.1))
    (fp_line (start 0.8 -0.4) (end 0.8 0.4) (layer F.Fab) (width 0.1))
    (fp_line (start 0.8 0.4) (end -0.8 0.4) (layer F.Fab) (width 0.1))
    (fp_line (start -0.162779 -0.51) (end 0.162779 -0.51) (layer F.SilkS) (width 0.12))
    (fp_line (start -0.162779 0.51) (end 0.162779 0.51) (layer F.SilkS) (width 0.12))
    (fp_line (start -1.48 0.73) (end -1.48 -0.73) (layer F.CrtYd) (width 0.05))
    (fp_line (start -1.48 -0.73) (end 1.48 -0.73) (layer F.CrtYd) (width 0.05))
    (fp_line (start 1.48 -0.73) (end 1.48 0.73) (layer F.CrtYd) (width 0.05))
    (fp_line (start 1.48 0.73) (end -1.48 0.73) (layer F.CrtYd) (width 0.05))
    (fp_text user %R (at 0 0 180) (layer F.Fab)
      (effects (font (size 0.4 0.4) (thickness 0.06)))
    )
    (pad 1 smd roundrect (at -0.7875 0 180) (size 0.875 0.95) (layers F.Cu F.Paste F.Mask) (roundrect_rratio 0.25)
      (net 1 VCC))
    (pad 2 smd roundrect (at 0.7875 0 180) (size 0.875 0.95) (layers F.Cu F.Paste F.Mask) (roundrect_rratio 0.25)
      (net 3 "Net-(C4-Pad2)"))
    (model ${KISYS3DMOD}/Capacitor_SMD.3dshapes/C_0603_1608Metric.wrl
      (at (xyz 0 0 0))
      (scale (xyz 1 1 1))
      (rotate (xyz 0 0 0))
    )
  )

  (module athir:SC-70-6 (layer F.Cu) (tedit 5C101513) (tstamp 5C8581C4)
    (at 61.5 143.25)
    (descr SC70-8)
    (tags SC70-8)
    (path /5C435824)
    (attr smd)
    (fp_text reference IC4 (at -3 -0.75) (layer F.SilkS)
      (effects (font (size 1 1) (thickness 0.15)))
    )
    (fp_text value SIP32431 (at 0 2.05) (layer F.Fab)
      (effects (font (size 1 1) (thickness 0.15)))
    )
    (fp_text user %R (at 0 0 90) (layer F.Fab)
      (effects (font (size 0.5 0.5) (thickness 0.075)))
    )
    (fp_line (start 1.7 1.3) (end -1.7 1.3) (layer F.CrtYd) (width 0.05))
    (fp_line (start 1.7 -1.3) (end 1.7 1.3) (layer F.CrtYd) (width 0.05))
    (fp_line (start -1.7 -1.3) (end 1.7 -1.3) (layer F.CrtYd) (width 0.05))
    (fp_line (start -1.7 1.3) (end -1.7 -1.3) (layer F.CrtYd) (width 0.05))
    (fp_line (start 0.735 -1.16) (end -1.35 -1.16) (layer F.SilkS) (width 0.12))
    (fp_line (start -0.675 1.16) (end 0.735 1.16) (layer F.SilkS) (width 0.12))
    (fp_line (start 0.675 -1.1) (end -0.175 -1.1) (layer F.Fab) (width 0.1))
    (fp_line (start -0.675 -0.6) (end -0.675 1.1) (layer F.Fab) (width 0.1))
    (fp_line (start 0.675 -1.1) (end 0.675 1.1) (layer F.Fab) (width 0.1))
    (fp_line (start 0.675 1.1) (end -0.675 1.1) (layer F.Fab) (width 0.1))
    (fp_line (start -0.175 -1.1) (end -0.675 -0.6) (layer F.Fab) (width 0.1))
    (pad 1 smd rect (at -0.9 -0.625 270) (size 0.3 1) (layers F.Cu F.Paste F.Mask)
      (net 48 /VBAT_ADC))
    (pad 2 smd rect (at -0.9 0 270) (size 0.3 1) (layers F.Cu F.Paste F.Mask)
      (net 3 "Net-(C4-Pad2)"))
    (pad 3 smd rect (at -0.9 0.625 270) (size 0.3 1) (layers F.Cu F.Paste F.Mask)
      (net 47 /VBAT_ADC_EN))
    (pad 4 smd rect (at 0.9 0.625 270) (size 0.3 1) (layers F.Cu F.Paste F.Mask)
      (net 49 "Net-(IC4-Pad4)"))
    (pad 5 smd rect (at 0.9 0 270) (size 0.3 1) (layers F.Cu F.Paste F.Mask)
      (net 2 GND))
    (pad 6 smd rect (at 0.9 -0.625 270) (size 0.3 1) (layers F.Cu F.Paste F.Mask)
      (net 50 "Net-(IC4-Pad6)"))
    (model ${KISYS3DMOD}/Package_TO_SOT_SMD.3dshapes/SC-70-8.wrl
      (at (xyz 0 0 0))
      (scale (xyz 1 1 1))
      (rotate (xyz 0 0 0))
    )
  )

  (module Resistor_SMD:R_0603_1608Metric (layer F.Cu) (tedit 5B301BBD) (tstamp 5C854374)
    (at 65.25 151 180)
    (descr "Resistor SMD 0603 (1608 Metric), square (rectangular) end terminal, IPC_7351 nominal, (Body size source: http://www.tortai-tech.com/upload/download/2011102023233369053.pdf), generated with kicad-footprint-generator")
    (tags resistor)
    (path /5C418789)
    (attr smd)
    (fp_text reference R8 (at 2.5 0 180) (layer F.SilkS)
      (effects (font (size 1 1) (thickness 0.15)))
    )
    (fp_text value 1M (at 0 1.43 180) (layer F.Fab)
      (effects (font (size 1 1) (thickness 0.15)))
    )
    (fp_text user %R (at 0 0 180) (layer F.Fab)
      (effects (font (size 0.4 0.4) (thickness 0.06)))
    )
    (fp_line (start 1.48 0.73) (end -1.48 0.73) (layer F.CrtYd) (width 0.05))
    (fp_line (start 1.48 -0.73) (end 1.48 0.73) (layer F.CrtYd) (width 0.05))
    (fp_line (start -1.48 -0.73) (end 1.48 -0.73) (layer F.CrtYd) (width 0.05))
    (fp_line (start -1.48 0.73) (end -1.48 -0.73) (layer F.CrtYd) (width 0.05))
    (fp_line (start -0.162779 0.51) (end 0.162779 0.51) (layer F.SilkS) (width 0.12))
    (fp_line (start -0.162779 -0.51) (end 0.162779 -0.51) (layer F.SilkS) (width 0.12))
    (fp_line (start 0.8 0.4) (end -0.8 0.4) (layer F.Fab) (width 0.1))
    (fp_line (start 0.8 -0.4) (end 0.8 0.4) (layer F.Fab) (width 0.1))
    (fp_line (start -0.8 -0.4) (end 0.8 -0.4) (layer F.Fab) (width 0.1))
    (fp_line (start -0.8 0.4) (end -0.8 -0.4) (layer F.Fab) (width 0.1))
    (pad 2 smd roundrect (at 0.7875 0 180) (size 0.875 0.95) (layers F.Cu F.Paste F.Mask) (roundrect_rratio 0.25)
      (net 47 /VBAT_ADC_EN))
    (pad 1 smd roundrect (at -0.7875 0 180) (size 0.875 0.95) (layers F.Cu F.Paste F.Mask) (roundrect_rratio 0.25)
      (net 2 GND))
    (model ${KISYS3DMOD}/Resistor_SMD.3dshapes/R_0603_1608Metric.wrl
      (at (xyz 0 0 0))
      (scale (xyz 1 1 1))
      (rotate (xyz 0 0 0))
    )
  )

  (module Resistor_SMD:R_0603_1608Metric (layer F.Cu) (tedit 5B301BBD) (tstamp 5C854363)
    (at 65.25 149 180)
    (descr "Resistor SMD 0603 (1608 Metric), square (rectangular) end terminal, IPC_7351 nominal, (Body size source: http://www.tortai-tech.com/upload/download/2011102023233369053.pdf), generated with kicad-footprint-generator")
    (tags resistor)
    (path /5C3FAAFC)
    (attr smd)
    (fp_text reference R7 (at 2.5 0 180) (layer F.SilkS)
      (effects (font (size 1 1) (thickness 0.15)))
    )
    (fp_text value 100k (at 0 1.43 180) (layer F.Fab)
      (effects (font (size 1 1) (thickness 0.15)))
    )
    (fp_line (start -0.8 0.4) (end -0.8 -0.4) (layer F.Fab) (width 0.1))
    (fp_line (start -0.8 -0.4) (end 0.8 -0.4) (layer F.Fab) (width 0.1))
    (fp_line (start 0.8 -0.4) (end 0.8 0.4) (layer F.Fab) (width 0.1))
    (fp_line (start 0.8 0.4) (end -0.8 0.4) (layer F.Fab) (width 0.1))
    (fp_line (start -0.162779 -0.51) (end 0.162779 -0.51) (layer F.SilkS) (width 0.12))
    (fp_line (start -0.162779 0.51) (end 0.162779 0.51) (layer F.SilkS) (width 0.12))
    (fp_line (start -1.48 0.73) (end -1.48 -0.73) (layer F.CrtYd) (width 0.05))
    (fp_line (start -1.48 -0.73) (end 1.48 -0.73) (layer F.CrtYd) (width 0.05))
    (fp_line (start 1.48 -0.73) (end 1.48 0.73) (layer F.CrtYd) (width 0.05))
    (fp_line (start 1.48 0.73) (end -1.48 0.73) (layer F.CrtYd) (width 0.05))
    (fp_text user %R (at 0 0 180) (layer F.Fab)
      (effects (font (size 0.4 0.4) (thickness 0.06)))
    )
    (pad 1 smd roundrect (at -0.7875 0 180) (size 0.875 0.95) (layers F.Cu F.Paste F.Mask) (roundrect_rratio 0.25)
      (net 1 VCC))
    (pad 2 smd roundrect (at 0.7875 0 180) (size 0.875 0.95) (layers F.Cu F.Paste F.Mask) (roundrect_rratio 0.25)
      (net 49 "Net-(IC4-Pad4)"))
    (model ${KISYS3DMOD}/Resistor_SMD.3dshapes/R_0603_1608Metric.wrl
      (at (xyz 0 0 0))
      (scale (xyz 1 1 1))
      (rotate (xyz 0 0 0))
    )
  )

  (module Battery:BatteryHolder_Keystone_3008_1x2450 (layer B.Cu) (tedit 58972352) (tstamp 5C7924AA)
    (at 74.75 148.25 90)
    (descr http://www.keyelco.com/product-pdf.cfm?p=786)
    (tags "Keystone type 3008 coin cell retainer")
    (path /5C06E6B3)
    (attr smd)
    (fp_text reference BT1 (at 0 14.4 90) (layer B.SilkS)
      (effects (font (size 1 1) (thickness 0.15)) (justify mirror))
    )
    (fp_text value "Coin Cell" (at 0 -13.75 90) (layer B.Fab)
      (effects (font (size 1 1) (thickness 0.15)) (justify mirror))
    )
    (fp_text user %R (at 0 0 90) (layer B.Fab)
      (effects (font (size 1 1) (thickness 0.15)) (justify mirror))
    )
    (fp_arc (start 0 0) (end 0 -12.8) (angle 41.7) (layer B.CrtYd) (width 0.05))
    (fp_arc (start 0 -21) (end 9.15 -10.05) (angle 3.2) (layer B.CrtYd) (width 0.05))
    (fp_arc (start 0 0) (end 0 -12.8) (angle -41.7) (layer B.CrtYd) (width 0.05))
    (fp_arc (start 0 -21) (end -9.15 -10.05) (angle -3.2) (layer B.CrtYd) (width 0.05))
    (fp_arc (start 10.15 -9) (end 10.15 -10.45) (angle -45) (layer B.CrtYd) (width 0.05))
    (fp_arc (start -10.15 -9) (end -10.15 -10.45) (angle 45) (layer B.CrtYd) (width 0.05))
    (fp_arc (start 10.15 -7.25) (end 10.15 -10.45) (angle 90) (layer B.CrtYd) (width 0.05))
    (fp_arc (start -10.15 -7.25) (end -10.15 -10.45) (angle -90) (layer B.CrtYd) (width 0.05))
    (fp_arc (start 0 -21) (end -9.55 -9.73) (angle -80) (layer B.SilkS) (width 0.12))
    (fp_arc (start 10.15 -9) (end 10.15 -9.95) (angle -45) (layer B.SilkS) (width 0.12))
    (fp_arc (start -10.15 -9) (end -10.15 -9.95) (angle 45) (layer B.SilkS) (width 0.12))
    (fp_arc (start 10.15 -9) (end 10.15 -9.8) (angle -45) (layer B.Fab) (width 0.1))
    (fp_arc (start -10.15 -9) (end -10.15 -9.8) (angle 45) (layer B.Fab) (width 0.1))
    (fp_arc (start 0 -21) (end -9.6 -9.58) (angle -80) (layer B.Fab) (width 0.1))
    (fp_arc (start -10.15 -7.25) (end -10.15 -9.95) (angle -90) (layer B.SilkS) (width 0.12))
    (fp_arc (start 10.15 -7.25) (end 10.15 -9.95) (angle 90) (layer B.SilkS) (width 0.12))
    (fp_line (start 12.85 -3.1) (end 12.85 -7.3) (layer B.SilkS) (width 0.12))
    (fp_line (start -12.85 -3.1) (end -12.85 -7.3) (layer B.SilkS) (width 0.12))
    (fp_line (start 13.35 -3.25) (end 13.35 -7.3) (layer B.CrtYd) (width 0.05))
    (fp_arc (start 10.15 -7.25) (end 10.15 -9.8) (angle 90) (layer B.Fab) (width 0.1))
    (fp_arc (start -10.15 -7.25) (end -10.15 -9.8) (angle -90) (layer B.Fab) (width 0.1))
    (fp_circle (center 0 0) (end 12.25 0) (layer Dwgs.User) (width 0.15))
    (fp_line (start 4.45 13.55) (end 4.45 12.55) (layer B.CrtYd) (width 0.05))
    (fp_line (start -4.45 13.55) (end 4.45 13.55) (layer B.CrtYd) (width 0.05))
    (fp_line (start -4.45 13.55) (end -4.45 12.55) (layer B.CrtYd) (width 0.05))
    (fp_line (start 4.45 12.55) (end 13.35 6.7) (layer B.CrtYd) (width 0.05))
    (fp_line (start 13.35 6.7) (end 13.35 3.25) (layer B.CrtYd) (width 0.05))
    (fp_line (start 18.8 -3.25) (end 13.35 -3.25) (layer B.CrtYd) (width 0.05))
    (fp_line (start 18.8 3.25) (end 18.8 -3.25) (layer B.CrtYd) (width 0.05))
    (fp_line (start 13.35 3.25) (end 18.8 3.25) (layer B.CrtYd) (width 0.05))
    (fp_line (start -4.45 12.55) (end -13.35 6.7) (layer B.CrtYd) (width 0.05))
    (fp_line (start -18.8 3.25) (end -18.8 -3.25) (layer B.CrtYd) (width 0.05))
    (fp_line (start -18.8 -3.25) (end -13.35 -3.25) (layer B.CrtYd) (width 0.05))
    (fp_line (start -13.35 -3.25) (end -13.35 -7.3) (layer B.CrtYd) (width 0.05))
    (fp_line (start -13.35 3.25) (end -18.8 3.25) (layer B.CrtYd) (width 0.05))
    (fp_line (start -13.35 6.7) (end -13.35 3.25) (layer B.CrtYd) (width 0.05))
    (fp_line (start 12.85 6.4) (end 12.85 3.1) (layer B.SilkS) (width 0.12))
    (fp_line (start 3.95 12.25) (end 12.85 6.4) (layer B.SilkS) (width 0.12))
    (fp_line (start 3.95 13.05) (end 3.95 12.25) (layer B.SilkS) (width 0.12))
    (fp_line (start -3.95 13.05) (end 3.95 13.05) (layer B.SilkS) (width 0.12))
    (fp_line (start -3.95 13.05) (end -3.95 12.25) (layer B.SilkS) (width 0.12))
    (fp_line (start -3.95 12.25) (end -12.85 6.4) (layer B.SilkS) (width 0.12))
    (fp_line (start -12.85 6.4) (end -12.85 3.1) (layer B.SilkS) (width 0.12))
    (fp_line (start 3.8 12.2) (end 12.7 6.35) (layer B.Fab) (width 0.1))
    (fp_line (start 12.7 6.35) (end 12.7 -7.3) (layer B.Fab) (width 0.1))
    (fp_line (start -3.8 12.2) (end -12.7 6.35) (layer B.Fab) (width 0.1))
    (fp_line (start -12.7 6.35) (end -12.7 -7.3) (layer B.Fab) (width 0.1))
    (fp_line (start -3.8 12.9) (end -3.8 12.2) (layer B.Fab) (width 0.1))
    (fp_line (start 3.8 12.9) (end 3.8 12.2) (layer B.Fab) (width 0.1))
    (fp_line (start -3.8 12.9) (end 3.8 12.9) (layer B.Fab) (width 0.1))
    (pad 1 smd rect (at -15.3 0 90) (size 6 5.5) (layers B.Cu B.Paste B.Mask)
      (net 1 VCC))
    (pad 1 smd rect (at 15.3 0 90) (size 6 5.5) (layers B.Cu B.Paste B.Mask)
      (net 1 VCC))
    (pad 2 smd rect (at 0 0 90) (size 8 8) (layers B.Cu B.Mask)
      (net 2 GND))
    (model ${KISYS3DMOD}/Battery.3dshapes/BatteryHolder_Keystone_3008_1x2450.wrl
      (at (xyz 0 0 0))
      (scale (xyz 1 1 1))
      (rotate (xyz 0 0 0))
    )
  )

  (module FPC_conn:HFW6R_2STE1LF (layer F.Cu) (tedit 5C3CDAEC) (tstamp 5C602B66)
    (at 62.5 132.25)
    (path /5C3E5EDA)
    (fp_text reference CON1 (at -0.75 2.75) (layer F.SilkS)
      (effects (font (size 1 1) (thickness 0.15)))
    )
    (fp_text value FPC_6POS (at 0.7366 -6.5532) (layer F.Fab)
      (effects (font (size 1 1) (thickness 0.15)))
    )
    (fp_line (start 2.5908 -1.27) (end 2.4892 -1.0922) (layer F.CrtYd) (width 0.15))
    (fp_line (start 2.4892 -1.0922) (end 2.3876 -1.27) (layer F.CrtYd) (width 0.15))
    (fp_line (start 2.5908 -3.3782) (end 2.4892 -3.6322) (layer F.CrtYd) (width 0.15))
    (fp_line (start 2.3876 -3.3782) (end 2.5908 -3.3782) (layer F.CrtYd) (width 0.15))
    (fp_line (start 2.4892 -3.6322) (end 2.3876 -3.3782) (layer F.CrtYd) (width 0.15))
    (fp_line (start 2.4892 -1.0922) (end 2.4892 -3.6322) (layer F.CrtYd) (width 0.15))
    (fp_line (start 2.3876 -1.27) (end 2.5908 -1.27) (layer F.CrtYd) (width 0.15))
    (fp_line (start 1.6002 -1.27) (end 1.4986 -1.0922) (layer F.CrtYd) (width 0.15))
    (fp_line (start 1.4986 -1.0922) (end 1.397 -1.27) (layer F.CrtYd) (width 0.15))
    (fp_line (start 1.6002 -3.3782) (end 1.4986 -3.6322) (layer F.CrtYd) (width 0.15))
    (fp_line (start 1.397 -3.3782) (end 1.6002 -3.3782) (layer F.CrtYd) (width 0.15))
    (fp_line (start 1.4986 -3.6322) (end 1.397 -3.3782) (layer F.CrtYd) (width 0.15))
    (fp_line (start 1.4986 -1.0922) (end 1.4986 -3.6322) (layer F.CrtYd) (width 0.15))
    (fp_line (start 1.397 -1.27) (end 1.6002 -1.27) (layer F.CrtYd) (width 0.15))
    (fp_line (start 0.6096 -1.27) (end 0.508 -1.0922) (layer F.CrtYd) (width 0.15))
    (fp_line (start 0.508 -1.0922) (end 0.4064 -1.27) (layer F.CrtYd) (width 0.15))
    (fp_line (start 0.6096 -3.3782) (end 0.508 -3.6322) (layer F.CrtYd) (width 0.15))
    (fp_line (start 0.4064 -3.3782) (end 0.6096 -3.3782) (layer F.CrtYd) (width 0.15))
    (fp_line (start 0.508 -3.6322) (end 0.4064 -3.3782) (layer F.CrtYd) (width 0.15))
    (fp_line (start 0.508 -1.0922) (end 0.508 -3.6322) (layer F.CrtYd) (width 0.15))
    (fp_line (start 0.4064 -1.27) (end 0.6096 -1.27) (layer F.CrtYd) (width 0.15))
    (fp_line (start -0.4064 -1.27) (end -0.508 -1.0922) (layer F.CrtYd) (width 0.15))
    (fp_line (start -0.508 -1.0922) (end -0.6096 -1.27) (layer F.CrtYd) (width 0.15))
    (fp_line (start -0.4064 -3.3782) (end -0.508 -3.6322) (layer F.CrtYd) (width 0.15))
    (fp_line (start -0.6096 -3.3782) (end -0.4064 -3.3782) (layer F.CrtYd) (width 0.15))
    (fp_line (start -0.508 -3.6322) (end -0.6096 -3.3782) (layer F.CrtYd) (width 0.15))
    (fp_line (start -0.508 -1.0922) (end -0.508 -3.6322) (layer F.CrtYd) (width 0.15))
    (fp_line (start -0.6096 -1.27) (end -0.4064 -1.27) (layer F.CrtYd) (width 0.15))
    (fp_line (start -1.3716 -1.27) (end -1.4732 -1.0922) (layer F.CrtYd) (width 0.15))
    (fp_line (start -1.4732 -1.0922) (end -1.5748 -1.27) (layer F.CrtYd) (width 0.15))
    (fp_line (start -1.3716 -3.3782) (end -1.4732 -3.6322) (layer F.CrtYd) (width 0.15))
    (fp_line (start -1.5748 -3.3782) (end -1.3716 -3.3782) (layer F.CrtYd) (width 0.15))
    (fp_line (start -1.4732 -3.6322) (end -1.5748 -3.3782) (layer F.CrtYd) (width 0.15))
    (fp_line (start -1.4732 -1.0922) (end -1.4732 -3.6322) (layer F.CrtYd) (width 0.15))
    (fp_line (start -1.5748 -1.27) (end -1.3716 -1.27) (layer F.CrtYd) (width 0.15))
    (fp_line (start -2.3876 -1.27) (end -2.4892 -1.0922) (layer F.CrtYd) (width 0.15))
    (fp_line (start -2.5908 -1.27) (end -2.3876 -1.27) (layer F.CrtYd) (width 0.15))
    (fp_line (start -2.4892 -1.0922) (end -2.5908 -1.27) (layer F.CrtYd) (width 0.15))
    (fp_line (start -2.3876 -3.3782) (end -2.4892 -3.6322) (layer F.CrtYd) (width 0.15))
    (fp_line (start -2.5908 -3.3782) (end -2.3876 -3.3782) (layer F.CrtYd) (width 0.15))
    (fp_line (start -2.4892 -3.6322) (end -2.5908 -3.3782) (layer F.CrtYd) (width 0.15))
    (fp_line (start -2.4892 -1.0922) (end -2.4892 -3.6322) (layer F.CrtYd) (width 0.15))
    (fp_line (start -4.5 -5.5) (end 4.5 -5.5) (layer F.CrtYd) (width 0.15))
    (fp_line (start 4.5 1.7) (end 4.5 -5.5) (layer F.CrtYd) (width 0.15))
    (fp_line (start 4.5 1.7) (end -4.5 1.7) (layer F.CrtYd) (width 0.15))
    (fp_line (start -4.5 -5.5) (end -4.5 1.7) (layer F.CrtYd) (width 0.15))
    (fp_line (start -4.064 1.7018) (end -4.4958 1.7018) (layer F.SilkS) (width 0.15))
    (fp_line (start -4.4958 1.7018) (end -4.4958 1.27) (layer F.SilkS) (width 0.15))
    (fp_line (start -4.318 -5.5) (end -4.5 -5.5) (layer F.SilkS) (width 0.15))
    (fp_line (start -4.4958 -5.4864) (end -4.4958 -5.334) (layer F.SilkS) (width 0.15))
    (fp_line (start 4.064 -5.5) (end 4.5 -5.5) (layer F.SilkS) (width 0.15))
    (fp_line (start 4.5 -5.5) (end 4.5 -5.08) (layer F.SilkS) (width 0.15))
    (fp_line (start 4.064 1.7018) (end 4.5 1.7018) (layer F.SilkS) (width 0.15))
    (fp_line (start 4.5 1.7018) (end 4.5 1.27) (layer F.SilkS) (width 0.15))
    (fp_text user %R (at 0.5588 2.6924) (layer F.Fab)
      (effects (font (size 1 1) (thickness 0.15)))
    )
    (pad "" smd rect (at 3.5 -1.6) (size 0.7 4.2) (layers F.Cu F.Paste F.Mask)
      (solder_mask_margin 0.06))
    (pad 6 smd rect (at 2.5 0.5) (size 0.6 2) (layers F.Cu F.Paste F.Mask)
      (net 2 GND) (solder_mask_margin 0.06))
    (pad 5 smd rect (at 1.5 0.5) (size 0.6 2) (layers F.Cu F.Paste F.Mask)
      (net 46 /UART_TX) (solder_mask_margin 0.06))
    (pad 4 smd rect (at 0.5 0.5) (size 0.6 2) (layers F.Cu F.Paste F.Mask)
      (net 45 /MCU_RESET) (solder_mask_margin 0.06))
    (pad 3 smd rect (at -0.5 0.5) (size 0.6 2) (layers F.Cu F.Paste F.Mask)
      (net 37 /SWCLK) (solder_mask_margin 0.06))
    (pad 2 smd rect (at -1.5 0.5) (size 0.6 2) (layers F.Cu F.Paste F.Mask)
      (net 38 /SWDIO) (solder_mask_margin 0.06))
    (pad 1 smd rect (at -2.5 0.5) (size 0.6 2) (layers F.Cu F.Paste F.Mask)
      (net 1 VCC) (solder_mask_margin 0.06))
    (pad "" smd rect (at -3.5 -1.6) (size 0.7 4.2) (layers F.Cu F.Paste F.Mask)
      (solder_mask_margin 0.05))
    (model ${ATHIR}/FPC_conn.pretty/shfw06r_2stlf.stp
      (offset (xyz 12 0 0))
      (scale (xyz 1 1 1))
      (rotate (xyz -90 0 0))
    )
  )

  (module Capacitor_SMD:C_0603_1608Metric (layer F.Cu) (tedit 5B301BBE) (tstamp 5C602F45)
    (at 76 129.25 270)
    (descr "Capacitor SMD 0603 (1608 Metric), square (rectangular) end terminal, IPC_7351 nominal, (Body size source: http://www.tortai-tech.com/upload/download/2011102023233369053.pdf), generated with kicad-footprint-generator")
    (tags capacitor)
    (path /5C3ACC63)
    (attr smd)
    (fp_text reference C18 (at -1.75 -2) (layer F.SilkS)
      (effects (font (size 1 1) (thickness 0.15)))
    )
    (fp_text value 100nF (at 0 1.43 270) (layer F.Fab)
      (effects (font (size 1 1) (thickness 0.15)))
    )
    (fp_line (start -0.8 0.4) (end -0.8 -0.4) (layer F.Fab) (width 0.1))
    (fp_line (start -0.8 -0.4) (end 0.8 -0.4) (layer F.Fab) (width 0.1))
    (fp_line (start 0.8 -0.4) (end 0.8 0.4) (layer F.Fab) (width 0.1))
    (fp_line (start 0.8 0.4) (end -0.8 0.4) (layer F.Fab) (width 0.1))
    (fp_line (start -0.162779 -0.51) (end 0.162779 -0.51) (layer F.SilkS) (width 0.12))
    (fp_line (start -0.162779 0.51) (end 0.162779 0.51) (layer F.SilkS) (width 0.12))
    (fp_line (start -1.48 0.73) (end -1.48 -0.73) (layer F.CrtYd) (width 0.05))
    (fp_line (start -1.48 -0.73) (end 1.48 -0.73) (layer F.CrtYd) (width 0.05))
    (fp_line (start 1.48 -0.73) (end 1.48 0.73) (layer F.CrtYd) (width 0.05))
    (fp_line (start 1.48 0.73) (end -1.48 0.73) (layer F.CrtYd) (width 0.05))
    (fp_text user %R (at 0 0 270) (layer F.Fab)
      (effects (font (size 0.4 0.4) (thickness 0.06)))
    )
    (pad 1 smd roundrect (at -0.7875 0 270) (size 0.875 0.95) (layers F.Cu F.Paste F.Mask) (roundrect_rratio 0.25)
      (net 2 GND))
    (pad 2 smd roundrect (at 0.7875 0 270) (size 0.875 0.95) (layers F.Cu F.Paste F.Mask) (roundrect_rratio 0.25)
      (net 45 /MCU_RESET))
    (model ${KISYS3DMOD}/Capacitor_SMD.3dshapes/C_0603_1608Metric.wrl
      (at (xyz 0 0 0))
      (scale (xyz 1 1 1))
      (rotate (xyz 0 0 0))
    )
  )

  (module Resistor_SMD:R_0603_1608Metric (layer F.Cu) (tedit 5B301BBD) (tstamp 5C602F75)
    (at 57.655001 139.25)
    (descr "Resistor SMD 0603 (1608 Metric), square (rectangular) end terminal, IPC_7351 nominal, (Body size source: http://www.tortai-tech.com/upload/download/2011102023233369053.pdf), generated with kicad-footprint-generator")
    (tags resistor)
    (path /5C3ACB3B)
    (attr smd)
    (fp_text reference R4 (at 0 1.5) (layer F.SilkS)
      (effects (font (size 1 1) (thickness 0.15)))
    )
    (fp_text value 100k (at 0 1.43) (layer F.Fab)
      (effects (font (size 1 1) (thickness 0.15)))
    )
    (fp_line (start -0.8 0.4) (end -0.8 -0.4) (layer F.Fab) (width 0.1))
    (fp_line (start -0.8 -0.4) (end 0.8 -0.4) (layer F.Fab) (width 0.1))
    (fp_line (start 0.8 -0.4) (end 0.8 0.4) (layer F.Fab) (width 0.1))
    (fp_line (start 0.8 0.4) (end -0.8 0.4) (layer F.Fab) (width 0.1))
    (fp_line (start -0.162779 -0.51) (end 0.162779 -0.51) (layer F.SilkS) (width 0.12))
    (fp_line (start -0.162779 0.51) (end 0.162779 0.51) (layer F.SilkS) (width 0.12))
    (fp_line (start -1.48 0.73) (end -1.48 -0.73) (layer F.CrtYd) (width 0.05))
    (fp_line (start -1.48 -0.73) (end 1.48 -0.73) (layer F.CrtYd) (width 0.05))
    (fp_line (start 1.48 -0.73) (end 1.48 0.73) (layer F.CrtYd) (width 0.05))
    (fp_line (start 1.48 0.73) (end -1.48 0.73) (layer F.CrtYd) (width 0.05))
    (fp_text user %R (at 0 0) (layer F.Fab)
      (effects (font (size 0.4 0.4) (thickness 0.06)))
    )
    (pad 1 smd roundrect (at -0.7875 0) (size 0.875 0.95) (layers F.Cu F.Paste F.Mask) (roundrect_rratio 0.25)
      (net 1 VCC))
    (pad 2 smd roundrect (at 0.7875 0) (size 0.875 0.95) (layers F.Cu F.Paste F.Mask) (roundrect_rratio 0.25)
      (net 45 /MCU_RESET))
    (model ${KISYS3DMOD}/Resistor_SMD.3dshapes/R_0603_1608Metric.wrl
      (at (xyz 0 0 0))
      (scale (xyz 1 1 1))
      (rotate (xyz 0 0 0))
    )
  )

  (module Resistor_SMD:R_0603_1608Metric (layer F.Cu) (tedit 5B301BBD) (tstamp 5C602FA5)
    (at 57.655001 137.25)
    (descr "Resistor SMD 0603 (1608 Metric), square (rectangular) end terminal, IPC_7351 nominal, (Body size source: http://www.tortai-tech.com/upload/download/2011102023233369053.pdf), generated with kicad-footprint-generator")
    (tags resistor)
    (path /5C3ACBC7)
    (attr smd)
    (fp_text reference R5 (at 2.594999 0) (layer F.SilkS)
      (effects (font (size 1 1) (thickness 0.15)))
    )
    (fp_text value 100k (at 0 1.43) (layer F.Fab)
      (effects (font (size 1 1) (thickness 0.15)))
    )
    (fp_text user %R (at 0 0) (layer F.Fab)
      (effects (font (size 0.4 0.4) (thickness 0.06)))
    )
    (fp_line (start 1.48 0.73) (end -1.48 0.73) (layer F.CrtYd) (width 0.05))
    (fp_line (start 1.48 -0.73) (end 1.48 0.73) (layer F.CrtYd) (width 0.05))
    (fp_line (start -1.48 -0.73) (end 1.48 -0.73) (layer F.CrtYd) (width 0.05))
    (fp_line (start -1.48 0.73) (end -1.48 -0.73) (layer F.CrtYd) (width 0.05))
    (fp_line (start -0.162779 0.51) (end 0.162779 0.51) (layer F.SilkS) (width 0.12))
    (fp_line (start -0.162779 -0.51) (end 0.162779 -0.51) (layer F.SilkS) (width 0.12))
    (fp_line (start 0.8 0.4) (end -0.8 0.4) (layer F.Fab) (width 0.1))
    (fp_line (start 0.8 -0.4) (end 0.8 0.4) (layer F.Fab) (width 0.1))
    (fp_line (start -0.8 -0.4) (end 0.8 -0.4) (layer F.Fab) (width 0.1))
    (fp_line (start -0.8 0.4) (end -0.8 -0.4) (layer F.Fab) (width 0.1))
    (pad 2 smd roundrect (at 0.7875 0) (size 0.875 0.95) (layers F.Cu F.Paste F.Mask) (roundrect_rratio 0.25)
      (net 37 /SWCLK))
    (pad 1 smd roundrect (at -0.7875 0) (size 0.875 0.95) (layers F.Cu F.Paste F.Mask) (roundrect_rratio 0.25)
      (net 1 VCC))
    (model ${KISYS3DMOD}/Resistor_SMD.3dshapes/R_0603_1608Metric.wrl
      (at (xyz 0 0 0))
      (scale (xyz 1 1 1))
      (rotate (xyz 0 0 0))
    )
  )

  (module Resistor_SMD:R_0603_1608Metric (layer F.Cu) (tedit 5B301BBD) (tstamp 5C602FD5)
    (at 57.655001 135.25)
    (descr "Resistor SMD 0603 (1608 Metric), square (rectangular) end terminal, IPC_7351 nominal, (Body size source: http://www.tortai-tech.com/upload/download/2011102023233369053.pdf), generated with kicad-footprint-generator")
    (tags resistor)
    (path /5C3ACC0F)
    (attr smd)
    (fp_text reference R6 (at -0.655001 -1.43) (layer F.SilkS)
      (effects (font (size 1 1) (thickness 0.15)))
    )
    (fp_text value 100k (at 0 1.43) (layer F.Fab)
      (effects (font (size 1 1) (thickness 0.15)))
    )
    (fp_line (start -0.8 0.4) (end -0.8 -0.4) (layer F.Fab) (width 0.1))
    (fp_line (start -0.8 -0.4) (end 0.8 -0.4) (layer F.Fab) (width 0.1))
    (fp_line (start 0.8 -0.4) (end 0.8 0.4) (layer F.Fab) (width 0.1))
    (fp_line (start 0.8 0.4) (end -0.8 0.4) (layer F.Fab) (width 0.1))
    (fp_line (start -0.162779 -0.51) (end 0.162779 -0.51) (layer F.SilkS) (width 0.12))
    (fp_line (start -0.162779 0.51) (end 0.162779 0.51) (layer F.SilkS) (width 0.12))
    (fp_line (start -1.48 0.73) (end -1.48 -0.73) (layer F.CrtYd) (width 0.05))
    (fp_line (start -1.48 -0.73) (end 1.48 -0.73) (layer F.CrtYd) (width 0.05))
    (fp_line (start 1.48 -0.73) (end 1.48 0.73) (layer F.CrtYd) (width 0.05))
    (fp_line (start 1.48 0.73) (end -1.48 0.73) (layer F.CrtYd) (width 0.05))
    (fp_text user %R (at 0 0) (layer F.Fab)
      (effects (font (size 0.4 0.4) (thickness 0.06)))
    )
    (pad 1 smd roundrect (at -0.7875 0) (size 0.875 0.95) (layers F.Cu F.Paste F.Mask) (roundrect_rratio 0.25)
      (net 1 VCC))
    (pad 2 smd roundrect (at 0.7875 0) (size 0.875 0.95) (layers F.Cu F.Paste F.Mask) (roundrect_rratio 0.25)
      (net 38 /SWDIO))
    (model ${KISYS3DMOD}/Resistor_SMD.3dshapes/R_0603_1608Metric.wrl
      (at (xyz 0 0 0))
      (scale (xyz 1 1 1))
      (rotate (xyz 0 0 0))
    )
  )

  (module Capacitor_SMD:C_0603_1608Metric (layer F.Cu) (tedit 5B301BBE) (tstamp 5C2B16CC)
    (at 65.25 141.5)
    (descr "Capacitor SMD 0603 (1608 Metric), square (rectangular) end terminal, IPC_7351 nominal, (Body size source: http://www.tortai-tech.com/upload/download/2011102023233369053.pdf), generated with kicad-footprint-generator")
    (tags capacitor)
    (path /5C0D28B2/588A6305)
    (attr smd)
    (fp_text reference L1 (at 2.5 0) (layer F.SilkS)
      (effects (font (size 1 1) (thickness 0.15)))
    )
    (fp_text value SMD-FERRITE-CHIP-120-OHM-500MA_0603_ (at 0 1.43) (layer F.Fab)
      (effects (font (size 1 1) (thickness 0.15)))
    )
    (fp_line (start -0.8 0.4) (end -0.8 -0.4) (layer F.Fab) (width 0.1))
    (fp_line (start -0.8 -0.4) (end 0.8 -0.4) (layer F.Fab) (width 0.1))
    (fp_line (start 0.8 -0.4) (end 0.8 0.4) (layer F.Fab) (width 0.1))
    (fp_line (start 0.8 0.4) (end -0.8 0.4) (layer F.Fab) (width 0.1))
    (fp_line (start -0.162779 -0.51) (end 0.162779 -0.51) (layer F.SilkS) (width 0.12))
    (fp_line (start -0.162779 0.51) (end 0.162779 0.51) (layer F.SilkS) (width 0.12))
    (fp_line (start -1.48 0.73) (end -1.48 -0.73) (layer F.CrtYd) (width 0.05))
    (fp_line (start -1.48 -0.73) (end 1.48 -0.73) (layer F.CrtYd) (width 0.05))
    (fp_line (start 1.48 -0.73) (end 1.48 0.73) (layer F.CrtYd) (width 0.05))
    (fp_line (start 1.48 0.73) (end -1.48 0.73) (layer F.CrtYd) (width 0.05))
    (fp_text user %R (at 0 0) (layer F.Fab)
      (effects (font (size 0.4 0.4) (thickness 0.06)))
    )
    (pad 1 smd roundrect (at -0.7875 0) (size 0.875 0.95) (layers F.Cu F.Paste F.Mask) (roundrect_rratio 0.25)
      (net 1 VCC))
    (pad 2 smd roundrect (at 0.7875 0) (size 0.875 0.95) (layers F.Cu F.Paste F.Mask) (roundrect_rratio 0.25)
      (net 5 /VDDANA))
    (model ${KISYS3DMOD}/Capacitor_SMD.3dshapes/C_0603_1608Metric.wrl
      (at (xyz 0 0 0))
      (scale (xyz 1 1 1))
      (rotate (xyz 0 0 0))
    )
  )

  (module Capacitor_SMD:C_0603_1608Metric (layer F.Cu) (tedit 5B301BBE) (tstamp 5C2B165B)
    (at 65.25 135.5 180)
    (descr "Capacitor SMD 0603 (1608 Metric), square (rectangular) end terminal, IPC_7351 nominal, (Body size source: http://www.tortai-tech.com/upload/download/2011102023233369053.pdf), generated with kicad-footprint-generator")
    (tags capacitor)
    (path /5C0890B3)
    (attr smd)
    (fp_text reference C3 (at -2.5 0.25 180) (layer F.SilkS)
      (effects (font (size 1 1) (thickness 0.15)))
    )
    (fp_text value 15pF (at 0 1.43 180) (layer F.Fab)
      (effects (font (size 1 1) (thickness 0.15)))
    )
    (fp_text user %R (at 0 0 180) (layer F.Fab)
      (effects (font (size 0.4 0.4) (thickness 0.06)))
    )
    (fp_line (start 1.48 0.73) (end -1.48 0.73) (layer F.CrtYd) (width 0.05))
    (fp_line (start 1.48 -0.73) (end 1.48 0.73) (layer F.CrtYd) (width 0.05))
    (fp_line (start -1.48 -0.73) (end 1.48 -0.73) (layer F.CrtYd) (width 0.05))
    (fp_line (start -1.48 0.73) (end -1.48 -0.73) (layer F.CrtYd) (width 0.05))
    (fp_line (start -0.162779 0.51) (end 0.162779 0.51) (layer F.SilkS) (width 0.12))
    (fp_line (start -0.162779 -0.51) (end 0.162779 -0.51) (layer F.SilkS) (width 0.12))
    (fp_line (start 0.8 0.4) (end -0.8 0.4) (layer F.Fab) (width 0.1))
    (fp_line (start 0.8 -0.4) (end 0.8 0.4) (layer F.Fab) (width 0.1))
    (fp_line (start -0.8 -0.4) (end 0.8 -0.4) (layer F.Fab) (width 0.1))
    (fp_line (start -0.8 0.4) (end -0.8 -0.4) (layer F.Fab) (width 0.1))
    (pad 2 smd roundrect (at 0.7875 0 180) (size 0.875 0.95) (layers F.Cu F.Paste F.Mask) (roundrect_rratio 0.25)
      (net 2 GND))
    (pad 1 smd roundrect (at -0.7875 0 180) (size 0.875 0.95) (layers F.Cu F.Paste F.Mask) (roundrect_rratio 0.25)
      (net 7 "Net-(C3-Pad1)"))
    (model ${KISYS3DMOD}/Capacitor_SMD.3dshapes/C_0603_1608Metric.wrl
      (at (xyz 0 0 0))
      (scale (xyz 1 1 1))
      (rotate (xyz 0 0 0))
    )
  )

  (module Capacitor_SMD:C_0603_1608Metric (layer F.Cu) (tedit 5B301BBE) (tstamp 5C2B164A)
    (at 65.25 139.5 180)
    (descr "Capacitor SMD 0603 (1608 Metric), square (rectangular) end terminal, IPC_7351 nominal, (Body size source: http://www.tortai-tech.com/upload/download/2011102023233369053.pdf), generated with kicad-footprint-generator")
    (tags capacitor)
    (path /5C089055)
    (attr smd)
    (fp_text reference C2 (at -2.5 0 180) (layer F.SilkS)
      (effects (font (size 1 1) (thickness 0.15)))
    )
